0.438,0.498,3.625,3.645,5.000,2.918,5.000,2.351,2.332,2.643,1.698,1.687,1.698,1.717,1.744,0.593,0.502,0.493,0.504,0.445,0.431,0.444,0.440,0.429,Slight-Right-Turn
0.438,0.498,3.625,3.648,5.000,2.918,5.000,2.637,2.332,2.649,1.695,1.687,1.695,1.720,1.744,0.592,0.502,0.493,0.504,0.449,0.431,0.444,0.443,0.429,Slight-Right-Turn
0.438,0.498,3.625,3.629,5.000,2.918,5.000,2.637,2.334,2.643,1.696,1.687,1.695,1.717,1.744,0.593,0.502,0.493,0.504,0.449,0.431,0.444,0.446,0.429,Slight-Right-Turn
0.437,0.501,3.625,3.626,5.000,2.918,5.000,2.353,2.334,2.642,1.730,1.687,1.695,1.717,1.744,0.593,0.502,0.493,0.504,0.449,0.431,0.444,0.444,0.429,Slight-Right-Turn
0.438,0.498,3.626,3.629,5.000,2.918,5.000,2.640,2.334,2.639,1.696,1.687,1.695,1.717,1.744,0.592,0.502,0.493,0.504,0.449,0.431,0.444,0.441,0.429,Slight-Right-Turn
0.439,0.498,3.626,3.629,5.000,2.918,5.000,2.633,2.334,2.645,1.705,1.686,1.694,1.719,1.744,0.589,0.502,0.493,0.504,0.446,0.431,0.444,0.444,0.430,Slight-Right-Turn
0.440,5.000,3.627,3.628,5.000,2.919,3.028,2.346,2.330,2.638,1.727,1.684,1.692,1.714,1.745,0.588,0.501,0.492,0.504,0.451,0.433,0.446,0.444,0.432,Slight-Right-Turn
0.444,5.021,3.631,3.634,5.000,2.919,5.000,2.626,2.327,2.638,1.698,1.680,1.688,1.709,1.740,0.595,0.500,0.491,0.503,0.453,0.436,0.448,0.444,0.436,Slight-Right-Turn
0.451,5.025,3.635,3.639,5.000,2.920,3.027,2.620,2.323,2.632,1.706,1.673,1.681,1.703,0.753,0.595,0.499,0.491,0.502,0.457,0.440,0.453,0.454,0.442,Sharp-Right-Turn
0.458,5.022,3.640,3.644,5.000,2.922,5.000,2.346,2.321,2.628,1.688,1.666,1.674,1.696,0.744,0.590,0.496,0.490,0.498,0.462,0.444,0.458,0.461,0.449,Sharp-Right-Turn
0.465,0.525,3.646,3.670,5.000,2.923,5.000,2.611,2.315,2.631,1.674,1.658,1.666,1.688,0.735,0.593,0.495,0.488,0.497,0.467,0.449,0.462,0.469,0.457,Sharp-Right-Turn
0.473,0.533,3.652,3.676,5.000,2.925,5.000,2.607,2.310,2.623,1.669,1.651,1.659,1.684,0.729,0.578,0.496,0.487,0.498,0.469,0.454,0.467,0.476,0.465,Sharp-Right-Turn
0.481,0.544,3.658,3.678,5.000,2.926,5.000,2.606,2.303,2.619,1.668,1.643,1.651,1.275,0.723,0.581,0.495,0.486,0.497,0.477,0.459,0.472,0.484,0.472,Sharp-Right-Turn
0.484,0.544,3.661,3.665,5.000,2.928,5.000,2.321,2.304,5.022,1.647,1.639,1.646,1.270,0.757,0.623,0.493,0.484,0.495,0.480,0.461,0.474,0.485,0.476,Sharp-Right-Turn
0.484,0.532,3.669,3.662,2.945,2.926,5.000,2.326,2.306,2.620,1.648,1.639,1.646,1.270,0.760,0.533,0.493,0.483,0.494,0.507,0.461,0.473,0.486,0.476,Sharp-Right-Turn
0.482,0.520,3.685,3.664,2.952,2.927,5.000,2.981,2.307,2.329,1.650,1.640,1.644,1.268,0.757,0.533,0.492,0.482,0.492,0.513,0.459,0.474,0.485,0.474,Sharp-Right-Turn
0.481,0.522,3.682,3.661,2.955,2.927,2.957,2.984,1.700,2.622,1.651,1.641,1.645,1.272,0.761,0.530,0.492,0.482,0.492,0.513,0.462,0.486,0.483,0.473,Sharp-Right-Turn
0.480,0.525,3.694,3.664,2.948,2.926,2.950,2.995,1.697,2.619,1.651,1.642,1.646,1.269,0.762,0.530,0.493,0.482,0.492,0.516,0.462,0.486,0.483,0.473,Sharp-Right-Turn
0.481,0.515,5.018,3.664,2.956,2.927,2.947,2.993,1.697,2.622,1.651,1.641,1.645,1.269,0.765,0.592,0.489,0.482,0.495,0.531,0.462,0.499,0.483,0.473,Sharp-Right-Turn
0.479,5.000,3.696,3.661,2.953,2.927,2.944,2.993,1.702,2.622,1.649,1.642,1.645,1.269,0.812,0.588,0.489,0.481,0.491,0.510,0.462,0.481,0.483,0.473,Sharp-Right-Turn
0.480,0.506,5.019,3.665,2.941,2.929,2.945,2.981,1.700,2.616,1.652,1.642,1.645,1.271,0.814,0.643,0.491,0.480,0.493,0.524,0.461,0.469,0.484,0.473,Sharp-Right-Turn
0.479,5.000,5.019,3.661,2.943,2.930,2.942,2.996,1.698,2.312,1.653,1.642,1.644,1.274,0.811,0.617,0.491,0.479,0.491,0.575,0.461,0.465,0.484,0.473,Sharp-Right-Turn
0.479,5.000,5.020,3.662,2.945,2.931,2.942,2.997,1.700,2.313,1.654,1.642,1.644,1.270,0.908,0.616,0.490,0.478,0.489,0.503,0.460,0.460,0.478,0.473,Slight-Right-Turn
0.481,0.508,5.021,3.660,2.954,2.936,2.946,2.966,1.705,2.313,1.654,1.643,1.643,1.270,1.689,0.678,0.493,0.477,0.483,0.497,0.467,0.459,0.476,0.473,Slight-Right-Turn
0.486,0.510,0.522,3.662,2.958,2.938,2.939,2.627,1.707,2.314,1.659,1.643,1.639,1.665,1.702,0.696,0.516,0.476,0.477,0.547,0.465,0.457,0.470,0.474,Slight-Right-Turn
0.479,0.521,0.520,3.663,2.954,2.938,2.941,2.957,1.712,2.314,1.660,1.643,1.638,1.660,1.758,0.688,0.534,0.475,0.475,0.489,0.461,0.456,0.465,0.474,Slight-Right-Turn
0.480,0.554,0.521,3.664,2.954,2.938,2.941,2.632,1.715,2.313,1.660,1.643,1.637,1.656,1.761,0.687,0.553,0.475,0.474,0.558,0.462,0.453,0.465,0.476,Slight-Right-Turn
0.481,0.511,5.023,3.665,2.954,2.937,2.941,2.627,1.707,2.312,1.660,1.641,1.636,1.655,1.756,0.687,0.545,0.475,0.475,0.504,0.463,0.458,0.470,0.477,Slight-Right-Turn
0.482,0.528,0.524,3.665,2.953,2.937,2.940,2.629,1.706,2.312,1.657,1.640,1.635,1.654,1.756,0.566,0.549,0.475,0.476,0.505,0.464,0.459,0.468,0.477,Slight-Right-Turn
0.482,0.529,0.521,3.665,2.956,2.940,2.940,2.627,1.706,2.312,1.656,1.640,1.635,1.654,1.756,0.566,0.556,0.475,0.476,0.502,0.463,0.459,0.468,0.477,Slight-Right-Turn
0.482,0.525,0.524,3.665,2.953,2.940,2.940,2.630,1.709,2.311,1.660,1.640,1.635,1.654,1.756,0.563,0.542,0.475,0.476,0.488,0.464,0.459,0.468,0.478,Slight-Right-Turn
0.482,0.512,0.524,3.665,2.953,2.940,2.940,2.629,1.709,2.311,1.660,1.640,1.635,1.654,1.755,0.563,0.545,0.475,0.475,0.485,0.464,0.459,0.468,0.478,Slight-Right-Turn
0.484,0.514,0.525,3.667,2.954,2.938,2.941,2.957,1.707,2.310,1.658,1.638,1.633,1.652,1.753,0.682,0.535,0.475,0.475,0.544,0.465,0.457,0.469,0.483,Slight-Right-Turn
0.487,0.533,0.525,3.669,2.955,2.941,2.938,2.958,1.708,2.307,1.652,1.635,1.629,1.648,1.749,0.535,0.541,0.474,0.474,0.525,0.468,0.459,0.471,0.483,Slight-Right-Turn
0.492,0.537,0.532,3.673,2.956,2.942,2.942,3.472,1.704,2.304,1.647,1.630,1.624,1.646,1.744,0.526,0.545,0.474,0.473,0.486,0.471,0.462,0.474,0.488,Slight-Right-Turn
0.494,0.539,0.538,3.677,2.956,2.942,2.939,3.053,1.695,2.298,1.645,1.624,1.618,1.639,1.780,0.526,0.530,0.474,0.473,0.542,0.476,0.467,0.478,0.498,Slight-Right-Turn
0.501,0.539,5.024,3.681,2.960,2.943,2.942,3.738,2.596,2.294,1.635,1.617,1.611,1.635,1.728,0.523,0.541,0.474,0.473,0.495,0.481,0.472,0.483,0.505,Slight-Right-Turn
0.509,0.546,5.028,3.687,5.000,2.944,2.942,2.963,2.589,2.286,1.634,1.610,1.609,1.621,1.662,0.526,0.541,0.477,0.472,0.488,0.487,0.477,0.488,0.513,Slight-Right-Turn
0.517,0.554,5.025,3.695,2.969,2.945,2.943,2.986,1.682,2.280,1.633,1.604,1.603,1.611,1.646,0.524,0.553,0.487,0.471,0.483,0.493,0.483,0.494,0.525,Slight-Right-Turn
0.526,0.560,5.026,3.701,5.000,2.945,2.943,2.600,1.670,2.273,1.628,1.595,1.590,1.602,0.576,0.705,0.549,0.477,0.471,0.483,0.503,0.490,0.500,0.528,Sharp-Right-Turn
0.535,0.568,0.670,3.707,5.000,2.949,2.943,2.588,1.662,2.266,5.000,1.586,1.581,1.592,1.620,0.699,0.542,0.476,0.471,0.482,0.500,0.497,0.506,0.540,Slight-Right-Turn
0.544,0.559,5.029,3.712,5.000,2.948,2.943,2.582,1.654,1.648,5.000,1.580,1.572,1.579,1.607,0.525,0.572,0.476,0.471,0.482,0.514,0.504,0.513,0.553,Slight-Right-Turn
0.553,0.565,5.026,3.718,5.000,2.948,2.943,2.577,1.646,1.640,5.000,1.571,1.562,1.570,1.597,0.526,0.592,0.476,0.470,0.482,0.521,0.511,0.523,0.567,Slight-Right-Turn
0.562,0.574,5.026,3.728,3.757,2.949,2.943,1.661,1.637,1.631,5.000,1.561,1.553,1.560,1.587,0.701,0.558,0.476,0.470,0.481,0.529,0.518,0.530,0.573,Slight-Right-Turn
0.572,0.583,5.023,3.731,3.777,2.953,2.943,2.960,1.631,1.625,5.000,1.554,1.542,1.553,1.179,0.689,0.580,0.477,0.470,0.481,0.537,0.525,0.534,0.581,Slight-Right-Turn
0.582,0.593,5.029,3.740,3.786,2.956,2.943,2.953,2.541,2.231,1.558,1.541,1.532,1.542,1.167,0.742,0.573,0.477,0.470,0.481,0.548,0.536,0.545,0.590,Slight-Right-Turn
0.591,0.599,5.000,3.003,3.791,2.960,2.943,2.959,2.535,2.224,1.552,1.531,1.522,1.529,1.159,0.729,0.530,0.477,0.471,0.480,0.556,0.541,0.552,0.600,Slight-Right-Turn
0.600,0.608,5.028,3.001,3.769,2.967,2.943,2.953,2.529,2.217,5.000,1.523,1.513,1.519,1.151,0.730,0.570,0.477,0.471,0.481,0.576,0.551,0.582,0.609,Slight-Right-Turn
0.604,0.620,5.028,3.001,3.765,5.000,2.943,2.952,2.526,2.211,1.532,1.511,1.504,1.510,1.143,0.817,0.564,0.478,0.471,0.481,0.595,0.558,0.582,0.619,Slight-Right-Turn
0.607,0.628,5.000,2.998,3.770,5.000,2.942,2.954,2.523,2.204,1.524,1.502,1.495,1.501,1.136,1.621,0.576,0.478,0.471,0.481,0.609,0.566,0.578,0.628,Slight-Right-Turn
0.617,0.634,5.000,3.771,3.772,5.000,2.942,2.957,2.518,1.574,1.515,1.493,1.486,1.491,1.128,1.616,0.584,0.478,0.472,0.481,0.507,0.573,0.588,0.637,Slight-Right-Turn
0.623,0.643,5.000,3.777,3.774,5.000,2.942,3.673,2.508,1.562,1.509,1.484,1.477,1.482,1.589,1.607,0.578,0.479,0.472,0.481,5.000,0.584,0.585,0.647,Slight-Right-Turn
0.627,0.652,5.000,3.786,3.779,5.000,2.941,5.000,2.502,1.554,1.498,1.475,1.467,1.472,1.129,0.754,0.583,0.480,0.473,0.481,0.500,0.592,0.589,0.656,Slight-Right-Turn
0.630,0.665,5.000,3.830,3.788,2.961,2.941,5.000,2.502,2.176,1.489,1.466,1.457,1.459,1.572,0.748,0.599,0.492,0.473,0.482,0.500,0.600,0.597,0.663,Slight-Right-Turn
0.644,0.674,5.000,5.017,3.790,5.000,2.940,5.000,2.901,2.171,1.483,1.456,1.448,1.452,1.563,1.574,0.589,0.490,0.474,0.482,0.500,0.616,0.605,0.674,Slight-Right-Turn
0.670,0.684,5.000,5.016,3.795,2.954,2.939,5.000,2.895,2.164,1.476,1.447,1.438,1.439,1.554,1.571,0.627,0.491,0.475,0.483,0.501,0.751,0.613,0.636,Slight-Right-Turn
0.689,0.690,0.723,5.016,3.834,2.957,2.942,5.000,2.890,2.156,5.019,1.440,1.428,1.429,1.545,1.562,0.630,0.493,0.487,0.486,0.504,0.625,0.617,0.640,Slight-Right-Turn
0.699,0.704,5.000,5.015,3.809,5.000,2.942,5.000,2.885,2.149,1.462,1.431,1.418,1.419,1.472,1.552,0.642,0.494,0.485,0.487,0.653,0.773,0.629,0.651,Slight-Right-Turn
0.706,0.724,2.546,5.013,3.810,5.000,2.941,2.963,2.879,2.141,5.018,1.421,1.412,1.409,1.437,1.540,0.632,0.495,0.486,0.487,0.502,5.000,0.575,0.652,Slight-Right-Turn
0.716,0.734,5.000,5.012,3.812,5.000,2.943,2.898,2.876,2.143,5.017,1.412,1.399,1.400,1.417,1.534,0.631,0.496,0.487,0.485,0.502,5.000,0.578,0.654,Slight-Right-Turn
0.729,0.726,5.000,5.012,3.820,5.000,5.000,2.947,2.871,2.129,5.019,1.406,1.390,1.393,1.411,1.523,0.639,0.501,0.488,0.486,5.000,0.661,0.650,0.662,Slight-Right-Turn
0.735,0.736,0.787,5.010,3.822,5.000,2.941,2.939,2.862,2.122,2.126,1.397,1.380,1.383,1.404,1.423,0.663,0.502,0.490,0.487,0.686,0.670,0.658,0.669,Slight-Right-Turn
0.744,0.751,5.000,5.013,3.826,5.000,2.941,2.934,2.857,2.115,2.115,1.388,1.374,1.370,1.394,1.413,0.659,0.504,0.491,0.489,0.700,0.678,0.666,0.677,Slight-Right-Turn
0.757,0.753,5.000,5.011,3.830,5.000,2.939,2.932,2.852,2.110,2.104,1.380,1.365,1.361,1.384,1.409,0.665,0.506,0.496,0.491,0.514,0.690,0.674,0.685,Slight-Right-Turn
0.719,0.766,0.813,5.010,3.835,5.000,2.941,2.930,2.849,2.415,2.098,1.374,1.356,1.354,1.370,1.406,0.541,0.542,0.498,0.494,0.508,0.696,0.683,0.693,Slight-Right-Turn
0.724,0.756,5.000,5.009,3.839,5.000,2.936,2.928,2.843,2.414,2.087,1.365,1.349,1.344,1.360,1.473,0.543,0.514,0.500,0.496,0.520,0.705,0.692,0.702,Move-Forward
1.390,1.638,1.648,1.673,2.061,1.415,3.250,3.157,4.410,3.687,5.000,1.991,5.000,1.293,1.333,0.992,0.989,0.569,0.548,0.538,0.544,0.664,0.934,1.373,Move-Forward
1.405,1.655,1.664,1.695,1.712,1.608,3.250,3.151,3.177,3.673,5.000,1.970,5.000,1.273,1.319,0.986,0.715,0.576,0.555,0.545,0.554,0.678,0.935,1.391,Move-Forward
1.422,1.672,1.684,1.709,1.507,1.810,3.238,3.144,5.000,3.659,5.000,1.949,5.000,1.287,1.299,1.319,0.716,0.583,0.562,0.551,0.558,0.693,0.955,1.409,Move-Forward
1.441,1.689,1.698,1.729,1.503,1.615,3.238,3.134,3.157,3.644,5.000,1.929,5.000,1.269,1.284,0.994,0.951,0.590,0.566,0.559,0.568,0.718,0.976,1.428,Move-Forward
1.460,1.706,1.716,1.747,1.625,1.802,3.229,3.127,3.151,3.629,5.000,1.917,5.000,1.220,1.275,0.990,0.712,0.598,0.574,0.566,0.573,0.734,1.007,1.444,Move-Forward
1.479,1.724,1.733,1.755,1.622,1.810,3.223,3.123,3.140,3.615,5.000,1.898,5.000,1.202,1.261,1.269,0.934,0.605,0.585,0.574,0.580,0.743,1.025,1.463,Move-Forward
1.498,1.742,1.751,1.779,1.577,1.849,3.220,3.116,3.133,3.603,5.000,1.875,5.000,1.183,1.239,1.247,0.922,0.613,0.589,0.581,0.588,0.802,5.000,1.482,Move-Forward
1.518,1.760,1.770,1.800,1.526,1.810,3.145,3.106,3.136,3.587,5.000,1.852,5.000,1.165,1.342,0.942,0.917,0.621,0.600,0.589,0.596,0.730,1.819,1.502,Move-Forward
1.538,1.778,1.791,5.000,1.560,1.846,3.215,3.099,4.349,3.572,5.000,1.833,5.000,1.143,1.331,0.921,0.908,0.628,0.607,0.597,0.604,0.745,1.840,1.525,Move-Forward
1.554,1.797,1.806,1.838,1.527,1.858,3.212,3.092,4.345,3.557,5.000,1.816,5.000,1.128,1.316,1.200,0.900,0.635,0.614,0.604,0.610,5.000,1.856,1.544,Move-Forward
1.574,1.815,1.828,5.000,1.535,1.861,3.210,3.085,4.341,3.542,5.000,1.793,5.000,1.106,1.299,1.270,0.892,0.642,0.622,0.612,0.618,5.000,0.951,1.561,Move-Forward
1.594,1.834,1.844,5.000,1.544,1.900,3.208,3.078,4.327,3.527,5.000,1.776,5.000,1.090,1.284,1.284,0.884,0.650,0.629,0.619,0.625,5.000,0.976,1.417,Move-Forward
1.614,1.853,1.866,1.898,1.557,1.899,3.213,3.071,4.598,3.512,5.000,1.752,5.000,1.068,1.273,1.270,0.880,0.658,0.637,0.627,0.633,5.000,0.997,1.602,Move-Forward
1.635,1.872,1.885,5.000,1.766,1.880,3.208,3.063,4.575,3.496,5.000,1.732,5.000,1.049,1.256,1.250,0.873,0.668,0.645,0.635,0.641,5.000,1.659,1.622,Move-Forward
1.654,1.891,1.903,5.000,1.786,1.881,3.207,3.056,4.572,3.481,5.000,1.712,5.000,1.030,1.245,1.239,0.865,0.672,0.652,0.642,0.648,5.000,5.000,1.642,Move-Forward
1.678,1.909,1.922,2.322,5.000,1.884,3.206,3.049,5.000,3.466,5.000,1.692,5.000,1.012,1.232,1.228,0.856,0.680,0.660,0.650,0.656,5.000,1.963,1.567,Move-Forward
1.697,1.927,1.941,2.338,1.611,1.888,3.217,3.042,5.000,3.452,5.000,1.672,5.000,0.994,1.219,1.209,0.850,0.691,0.667,0.657,0.664,5.000,5.000,1.575,Move-Forward
1.714,1.946,1.959,1.834,5.000,2.005,4.075,3.035,5.000,3.440,5.000,1.649,5.000,0.975,1.206,1.202,0.844,0.695,0.672,0.664,0.671,5.000,2.013,1.602,Move-Forward
1.736,1.965,1.978,1.842,1.655,2.056,3.199,3.028,5.000,3.423,5.000,1.629,5.000,0.957,1.195,1.185,0.842,0.702,0.675,0.672,0.681,5.000,5.000,1.545,Move-Forward
1.756,1.983,1.994,1.855,5.000,2.099,3.198,3.021,3.038,3.411,4.077,1.609,5.000,0.942,1.182,1.175,0.834,0.710,0.681,0.679,0.686,5.000,5.000,1.645,Move-Forward
1.783,2.002,2.015,1.864,5.000,3.217,3.197,3.014,3.031,3.402,5.000,1.589,5.000,5.000,1.173,1.159,0.835,0.718,0.686,0.687,0.697,5.000,5.000,1.585,Move-Forward
2.030,2.021,2.031,1.870,5.000,3.220,3.197,3.007,3.027,3.384,5.000,1.569,5.000,5.000,1.160,1.146,1.161,0.722,0.705,0.695,0.704,5.000,5.000,1.685,Move-Forward
2.049,2.040,2.053,1.879,5.000,2.195,3.199,2.999,5.000,5.000,5.000,1.552,5.000,5.000,1.148,1.133,1.148,0.733,0.709,0.702,0.709,5.000,5.000,1.621,Move-Forward
2.067,2.058,2.071,1.893,5.000,2.198,4.104,2.992,3.015,5.000,5.000,1.533,5.000,5.000,1.139,1.124,0.838,0.737,0.717,0.707,0.719,5.000,5.000,1.824,Move-Forward
2.086,2.076,2.089,1.894,5.000,2.294,3.207,2.985,3.001,5.000,4.042,1.513,5.000,5.000,1.128,1.113,1.123,0.747,0.724,0.702,0.724,5.000,1.799,1.571,Move-Forward
2.104,2.095,2.112,1.904,2.274,2.293,3.207,2.978,2.994,3.351,5.000,1.493,5.000,5.000,1.126,1.098,1.108,0.761,0.735,0.704,0.735,5.000,5.000,1.594,Move-Forward
2.122,2.113,2.132,1.905,2.283,2.300,4.120,2.970,2.990,3.330,4.023,1.473,5.000,5.000,1.568,1.086,1.095,0.737,0.721,0.710,0.739,5.000,1.269,1.696,Move-Forward
2.140,2.134,2.151,1.918,2.286,4.013,4.126,2.963,2.977,3.316,5.000,1.454,5.000,5.000,5.000,1.075,1.084,0.744,0.721,0.713,0.741,5.000,1.287,1.715,Move-Forward
2.159,2.150,2.276,1.925,4.014,3.206,4.131,2.956,2.973,3.292,4.010,1.434,5.000,5.000,5.000,1.067,0.895,0.752,0.728,0.719,0.737,5.000,2.216,1.734,Move-Forward
2.177,2.168,2.318,1.920,4.002,3.200,4.140,2.949,2.969,3.275,5.000,1.412,5.000,5.000,5.000,1.059,0.880,0.797,0.736,0.726,0.740,0.800,2.224,1.732,Move-Forward
2.197,2.189,5.000,2.021,2.192,4.000,4.143,2.942,2.959,3.268,4.001,1.396,5.000,5.000,1.063,1.048,0.871,0.801,0.743,0.733,0.746,5.000,2.252,1.751,Move-Forward
2.220,2.208,5.000,1.940,2.308,3.200,4.149,2.935,3.239,3.250,3.992,1.375,5.000,5.000,1.050,1.037,0.859,0.957,0.751,0.741,0.750,5.000,5.000,1.749,Move-Forward
2.238,2.227,5.000,1.928,3.984,3.203,4.161,2.928,2.948,3.236,3.993,1.356,5.000,5.000,1.040,1.029,0.851,0.914,0.759,0.748,0.758,5.000,5.000,1.765,Move-Forward
2.316,2.246,5.000,1.860,2.303,3.204,4.163,2.921,2.937,3.213,3.978,1.336,5.000,5.000,1.030,1.018,0.843,0.813,0.769,0.756,0.765,5.000,1.273,1.785,Move-Forward
2.329,2.265,5.000,1.875,2.318,3.198,4.170,2.914,2.931,3.196,3.975,1.316,5.000,1.146,1.021,1.008,0.835,0.845,0.777,0.763,0.773,5.000,1.291,1.808,Move-Forward
2.348,2.283,5.000,1.888,2.323,3.201,4.173,2.907,2.923,3.182,3.964,1.297,5.000,1.120,1.011,0.995,0.828,0.933,0.787,0.771,0.784,5.000,5.000,1.827,Move-Forward
2.368,2.302,2.419,1.900,2.331,3.980,4.182,2.900,2.917,3.168,3.961,1.277,5.000,1.098,0.642,0.986,0.822,0.997,0.791,0.778,0.791,5.000,5.000,1.846,Sharp-Right-Turn
2.390,2.320,2.435,1.915,2.343,3.954,2.921,2.893,2.907,3.161,3.955,1.261,5.000,1.076,0.622,0.977,0.819,0.987,0.838,0.786,0.798,5.000,5.000,1.869,Sharp-Right-Turn
2.410,2.342,5.000,1.923,2.006,3.193,4.191,2.885,2.902,2.043,3.948,1.238,5.000,1.057,0.606,0.971,0.820,0.979,0.812,0.793,0.806,5.000,5.000,1.885,Sharp-Right-Turn
2.427,2.361,5.000,1.940,2.014,3.200,4.201,2.878,2.895,2.024,3.946,1.218,5.000,1.038,0.589,0.963,0.951,0.969,0.803,0.801,0.813,5.000,5.000,1.908,Sharp-Right-Turn
2.445,2.379,5.000,1.961,2.367,3.924,2.900,2.872,2.886,2.008,3.937,1.202,5.000,1.017,0.574,0.958,0.942,0.837,0.805,0.808,0.821,5.000,5.000,1.930,Sharp-Right-Turn
2.467,2.399,5.000,1.973,2.375,3.217,4.213,2.865,2.882,1.993,3.934,1.027,5.000,1.000,0.559,0.954,0.914,0.808,0.807,0.814,0.824,5.000,5.000,1.951,Sharp-Right-Turn
2.482,2.411,5.000,1.990,3.929,4.116,4.219,2.860,2.874,1.984,3.934,1.009,0.997,0.985,0.547,0.944,0.907,0.797,0.816,0.820,0.829,5.000,1.398,1.925,Sharp-Right-Turn
2.222,2.416,5.000,1.995,2.373,3.210,2.880,2.860,3.091,3.087,3.935,1.005,0.989,0.979,0.541,0.941,0.922,0.786,0.833,0.820,0.832,5.000,5.000,1.919,Sharp-Right-Turn
2.200,2.414,5.000,1.974,2.370,3.901,4.217,2.864,3.474,3.094,3.911,1.009,0.992,0.981,0.549,0.941,0.914,0.784,0.831,0.817,0.835,4.218,5.000,1.930,Sharp-Right-Turn
2.197,2.439,5.000,1.980,2.373,3.902,4.216,2.866,3.476,3.102,3.909,1.012,0.994,0.983,3.478,0.945,0.904,0.780,0.833,0.815,0.839,4.220,5.000,1.701,Move-Forward
2.193,2.428,5.000,1.992,2.372,3.906,4.216,2.866,3.477,3.120,3.910,1.013,0.995,0.984,3.482,0.945,0.905,0.780,0.829,0.814,0.838,4.217,5.000,1.700,Move-Forward
2.193,2.435,5.000,1.982,2.378,3.906,4.216,2.866,3.480,3.113,3.909,1.013,0.995,0.983,3.481,0.945,0.905,0.780,0.833,0.815,0.836,4.217,5.000,1.602,Move-Forward
2.194,2.439,5.000,1.982,2.381,3.906,4.216,2.869,3.479,3.109,3.909,1.013,0.995,0.983,3.478,0.957,0.907,0.780,0.833,0.815,0.835,4.217,5.000,1.701,Move-Forward
2.198,2.451,5.000,1.986,2.387,3.899,4.217,2.865,3.478,3.108,3.908,1.011,0.993,0.981,3.477,0.944,0.910,0.780,0.834,0.816,0.836,4.217,5.000,1.703,Move-Forward
2.200,2.418,2.521,1.988,2.391,3.902,4.218,2.865,3.476,3.113,3.904,1.009,0.992,0.980,3.479,0.943,0.907,0.780,0.834,0.816,0.843,4.218,5.000,1.606,Move-Forward
2.201,2.471,2.519,1.992,2.388,3.898,4.218,2.864,3.476,3.109,3.910,1.009,0.991,0.979,3.476,0.943,0.915,0.779,0.835,0.817,0.847,4.221,5.000,1.610,Move-Forward
2.202,2.417,2.519,2.003,2.385,3.901,4.218,2.864,3.475,3.106,3.907,1.008,0.990,0.978,3.475,0.943,0.915,0.779,0.835,0.817,0.844,4.221,5.000,1.614,Move-Forward
2.202,2.418,2.520,2.015,2.388,3.900,4.218,2.864,3.475,3.105,3.910,1.007,0.990,0.978,3.478,0.946,0.912,0.779,0.838,0.817,0.844,4.221,5.000,1.704,Move-Forward
2.203,2.422,2.527,2.006,2.388,3.900,4.221,2.864,3.474,3.104,3.909,1.007,0.989,0.977,3.473,0.945,0.914,0.779,0.839,0.821,0.855,4.222,5.000,1.708,Move-Forward
2.204,2.423,2.528,2.007,2.392,3.900,4.222,2.863,3.473,3.100,3.906,1.006,0.987,0.976,3.473,0.945,0.917,0.778,0.839,0.818,0.855,4.219,5.000,1.709,Move-Forward
2.205,2.469,2.532,2.008,2.392,3.900,4.222,2.865,3.473,3.100,3.905,1.005,0.987,0.974,3.475,0.944,0.917,0.778,0.837,0.821,0.859,4.223,5.000,1.710,Move-Forward
2.207,2.493,5.000,2.012,2.391,3.899,4.223,2.865,3.471,3.101,3.905,1.003,0.984,0.972,3.474,0.940,0.919,0.777,0.944,0.819,0.863,4.220,5.000,1.616,Move-Forward
2.212,2.431,5.000,2.015,2.390,3.897,4.224,2.863,3.468,3.101,3.906,0.999,0.980,0.968,3.470,0.939,0.921,0.777,0.942,0.821,0.861,4.223,5.000,1.624,Move-Forward
